$ 1 0.000005 10.20027730826997 50 5 50 5e-11
t 304 208 368 208 0 1 -3.563059233319291 -0.2630593029498833 100 default
R 368 128 368 96 0 0 40 3.3 0 0 0.5
g 368 304 368 352 0 0
368 368 192 432 192 0 0
r 240 208 176 208 0 100000
d 304 208 304 144 2 1N5711
d 304 272 304 208 2 1N5711
r 240 208 240 256 0 1000000
g 304 272 304 288 0 0
R 304 144 304 112 0 0 40 5 0 0 0.5
R 176 208 112 208 0 2 40 5 0 0 0.5
r 368 192 368 128 0 10000
w 368 304 368 224 0
g 240 256 240 288 0 0
w 240 208 304 208 0
a 384 592 496 592 8 3.3 0 1000000 0.00001622465227677167 0 100000
g 384 608 384 656 0 0
r 384 576 304 576 0 100000
r 384 544 304 544 0 100000
r 384 512 304 512 0 100000
R 304 576 304 624 0 0 40 -5 0 0 0.5
r 384 528 496 528 0 100000
w 496 528 496 592 0
174 176 448 208 512 1 10000 0.005 Resistance
g 176 512 176 544 0 0
R 176 448 176 400 0 0 40 5 0 0 0.5
w 208 480 304 480 0
w 304 480 304 512 0
w 384 512 384 528 0
w 384 528 384 544 0
w 384 544 384 576 0
368 496 592 560 592 0 0
403 688 496 816 560 0 31_64_0_4354_0.078125_0.1_-1_2_31_3
174 160 608 192 672 1 100000 0.6782 Resistance
g 160 672 160 704 0 0
w 192 640 240 640 0
w 240 640 240 544 0
w 240 544 304 544 0
R 112 608 64 608 0 1 40 5 0 0 0.5
s 112 608 160 608 0 1 false
